1 2  21 22 23 24
1 3  20 21 22 23 24 25
1 4  19 20 21 22 23 24 25 26
1 5  19 20 21 22 23 24 25 26
1 6  18 19 20 21 22 25 26
1 7  18 19
1 8  18 19
1 9   9 10 13 14 18 19
1 10  3  4  5  6  9 10 14 17 18 19 20 
1 11  2  3  4  5  6  9 14 17 18 19 20 21
1 12  2  3  4  5  6  8  9 10 14 15 16 17 18 19 20 21
1 13  2  3  4  5  6  9 13 14 15 16 17 18 19 20 21 25 26
1 14  3  4  5  6  9 10 13 14 17 18 19 20 25 26 27 
1 15  4 14 27 
1 16  4 14 27
1 17 11 12 13 14 25 26 27
1 18  2  3  4 10 11
1 19  9 10 11
1 20  2  3  4  5  6  7  8  9 10 14 15
1 21  9 10 11 
1 22 10 11
1 23 11
1 25 11
1 26  3  4  9 10 11
1 27  2  3  4  5  6  8  9 10
1 28  2  3  4  5  6  8  9
1 29  3  4  5  6
1 30  3  4  5  6
1 31  3  4
1 32  3  4
1 33  3  4
1 34  2  3  4
1 35  2  3  4
1 36  2  3  4  5 
1 37  3  4  5  6  8  9 10 11
1 38  4  5
0 1   4  5
0 2   2  3  4  5  6  7 10 11 12 31 32 33 34 35 36
0 3   2  3  4  5  6  7  8  9 10 30 31 32 33 34 35 36 37
0 4   2  3  4  5  6  7  8  9 29 30 31 32 33 34 35 36 37
0 5   2  3  4  5  6  7  8  9 29 30 31 32 33 34 35 36
0 6   3  4  9 30 31 32 33 34 35
0 32 21
0 33 21 22 23 24 25 26
0 34 21 22 23 24 25 26 27
0 35 20 21 22 23 24 25 26 27 28
0 36 20 21 22 23 24 25 26 27 28
0 37 21 22 23 24 25 26 27 35 36 37
0 38 25 26 36