AXE & BOAT
10 34 35
11 33 34 35 36
12 33 34 35 36 37
13 29 30 31 32 33 34 35 36 37
14 29 33 34 35 36
15 29 35 36
16 29 35 36
17 18 19 20 21 22 29 35 36
18 17 18 19 20 21 22 29 30 35 36
19 17 18 19 20 21 22 25 26 27 30 37
20 17 18 19 20 21 22 25 27 28 29 30 36
21 17 18 19 20 21 22 25 36
22 17 18 19 20 21 22 25 26 27 28 29 30 36
23 30 36
24 19 20 30 36
25 18 19 20 27 28 29 30 36 37 38
26 18 19 20 21 26 27 28 29 30 36 37 38
27 18 19 20 21 25 26 27 28 29 30 31 32 33 37
28 14 17 18 19 20 21 25 26 27 28 29 30 31 32 33 34
29 13 14 15 16 17 18 19 20 21 25 26 27 28 29 33 34
30 17 21 22 23 24 25 26 27 28 33
31
32 17 
33 14 15 16 17
34 11 12 13 14
35 11

BOAT


